3.08422  3.08422
3.16368  3.16368
3.06298  3.06298
3.10308  3.10308
2.9682  2.9682
2.88946  2.88946
2.91668  2.91668
2.99859  2.99859
2.83017  2.83017
2.8845  2.8845
2.98042  2.98042
2.83921  2.83921
2.79604  2.79604
2.72799  2.72799
2.80622  2.80622
2.75539  2.75539
2.8696  2.8696
3.01382  3.01382
3.02299  3.02299
3.04949  3.04949
3.06648  3.06648
3.08399  3.08399
3.16191  3.16191
3.14361  3.14361
3.06345  3.06345
3.18455  3.18455
3.25834  3.25834
3.32197  3.32197
3.31697  3.31697
3.21599  3.21599
3.19335  3.19335
3.20947  3.20947
2.96997  2.96997
2.85358  2.85358
3.00641  3.00641
3.1059  3.1059
2.92063  2.92063
2.85296  2.85296
3.01236  3.01236
3.07579  3.07579
2.95185  2.95185
3.10426  3.10426
3.20886  3.20886
3.07315  3.07315
2.83358  2.83358
2.83666  2.83666
2.77227  2.77227
2.76156  2.76156
2.73995  2.73995
2.6952  2.6952
2.98639  2.98639
3.06606  3.06606
2.96454  2.96454
3.00549  3.00549
2.87097  2.87097
2.79174  2.79174
2.82023  2.82023
2.90281  2.90281
2.73422  2.73422
2.78766  2.78766
2.88345  2.88345
2.74323  2.74323
2.69821  2.69821
2.62979  2.62979
2.70817  2.70817
2.65687  2.65687
2.77201  2.77201
2.91743  2.91743
2.92775  2.92775
2.95276  2.95276
2.96898  2.96898
2.98816  2.98816
3.06669  3.06669
3.04731  3.04731
2.96683  2.96683
3.08908  3.08908
3.1612  3.1612
3.225  3.225
3.22002  3.22002
3.11787  3.11787
3.09497  3.09497
3.11107  3.11107
2.87511  2.87511
2.75835  2.75835
2.91291  2.91291
3.01255  3.01255
2.82861  2.82861
2.76116  2.76116
2.92208  2.92208
2.98532  2.98532
2.86293  2.86293
3.01431  3.01431
3.11796  3.11796
2.98456  2.98456
2.74147  2.74147
2.74595  2.74595
2.67861  2.67861
2.66728  2.66728
2.64562  2.64562
2.60197  2.60197
2.88871  2.88871
2.96859  2.96859
2.86621  2.86621
2.90808  2.90808
2.77394  2.77394
2.6942  2.6942
2.72404  2.72404
2.80733  2.80733
2.63857  2.63857
2.69104  2.69104
2.78669  2.78669
2.64755  2.64755
2.60055  2.60055
2.53173  2.53173
2.61027  2.61027
2.55846  2.55846
2.6746  2.6746
2.82128  2.82128
2.83284  2.83284
2.85625  2.85625
2.87164  2.87164
2.89261  2.89261
2.97178  2.97178
2.95127  2.95127
2.87045  2.87045
2.99392  2.99392
3.06425  3.06425
3.12823  3.12823
3.12326  3.12326
3.01986  3.01986
2.9967  2.9967
3.01278  3.01278
2.7806  2.7806
2.66348  2.66348
2.81985  2.81985
2.91965  2.91965
2.73714  2.73714
2.66994  2.66994
2.83245  2.83245
2.89549  2.89549
2.77476  2.77476
2.92501  2.92501
3.02764  3.02764
2.89671  2.89671
2.64993  2.64993
2.65591  2.65591
2.58543  2.58543
2.57343  2.57343
2.55172  2.55172
2.50925  2.50925
2.21076  2.21076
2.2924  2.2924
2.18215  2.18215
2.23257  2.23257
2.10255  2.10255
2.01814  2.01814
2.06086  2.06086
2.15048  2.15048
1.9811  1.9811
2.02397  2.02397
2.11785  2.11785
1.98971  1.98971
1.92363  1.92363
1.85117  1.85117
1.93099  1.93099
1.87435  1.87435
1.99989  1.99989
2.15811  2.15811
2.1812  2.1812
2.18948  2.18948
2.19704  2.19704
2.23474  2.23474
2.3194  2.3194
2.28842  2.28842
2.20484  2.20484
2.33907  2.33907
2.39264  2.39264
2.45803  2.45803
2.45325  2.45325
2.33857  2.33857
2.31298  2.31298
2.32879  2.32879
2.13316  2.13316
2.01332  2.01332
2.18571  2.18571
2.28616  2.28616
2.11858  2.11858
2.05449  2.05449
2.22987  2.22987
2.29036  2.29036
2.1863  2.1863
2.32444  2.32444
2.41682  2.41682
2.30965  2.30965
2.03162  2.03162
2.05163  2.05163
1.95213  1.95213
1.93382  1.93382
1.9118  1.9118
1.88123  1.88123
2.11509  2.11509
2.19702  2.19702
2.08529  2.08529
2.13735  2.13735
2.00823  2.00823
1.92296  1.92296
1.9682  1.9682
2.05897  2.05897
1.88967  1.88967
1.93058  1.93058
2.02403  2.02403
1.89819  1.89819
1.82835  1.82835
1.75519  1.75519
1.83522  1.83522
1.77763  1.77763
1.905  1.905
2.06536  2.06536
2.09067  2.09067
2.096  2.096
2.10202  2.10202
2.14293  2.14293
2.22856  2.22856
2.19561  2.19561
2.11156  2.11156
2.24774  2.24774
2.29808  2.29808
2.3637  2.3637
2.35896  2.35896
2.24219  2.24219
2.21614  2.21614
2.23189  2.23189
2.0435  2.0435
1.9233  1.9233
2.09854  2.09854
2.19895  2.19895
2.03453  2.03453
1.97118  1.97118
2.14861  2.14861
2.2085  2.2085
2.1078  2.1078
2.24335  2.24335
2.33366  2.33366
2.2311  2.2311
1.94781  1.94781
1.97049  1.97049
1.86555  1.86555
1.84603  1.84603
1.82399  1.82399
1.79586  1.79586
2.01983  2.01983
2.10207  2.10207
1.98875  1.98875
2.0426  2.0426
1.91449  1.91449
1.82829  1.82829
1.8763  1.8763
1.96828  1.96828
1.79915  1.79915
1.83789  1.83789
1.93082  1.93082
1.80758  1.80758
1.7336  1.7336
1.65969  1.65969
1.73993  1.73993
1.6813  1.6813
1.81065  1.81065
1.97332  1.97332
2.00103  2.00103
2.00314  2.00314
2.00749  2.00749
2.0519  2.0519
2.13854  2.13854
2.10346  2.10346
2.01894  2.01894
2.15718  2.15718
2.204  2.204
2.26985  2.26985
2.26515  2.26515
2.14613  2.14613
2.11958  2.11958
2.13527  2.13527
1.95485  1.95485
1.83432  1.83432
2.01257  2.01257
2.11288  2.11288
1.95198  1.95198
1.88949  1.88949
2.069  2.069
2.12818  2.12818
2.0312  2.0312
2.16385  2.16385
2.25186  2.25186
2.15434  2.15434
1.8656  1.8656
1.89115  1.89115
1.78038  1.78038
1.75954  1.75954
1.7375  1.7375
1.71208  1.71208
6.80971  6.80971
6.7428  6.7428
6.80401  6.80401
6.80244  6.80244
6.94504  6.94504
7.00051  7.00051
7.02436  7.02436
6.97567  6.97567
7.12374  7.12374
7.03896  7.03896
6.94393  6.94393
7.11426  7.11426
7.0854  7.0854
7.13738  7.13738
7.0674  7.0674
7.09906  7.09906
7.02423  7.02423
6.93632  6.93632
6.97539  6.97539
6.88902  6.88902
6.84049  6.84049
6.89541  6.89541
6.85069  6.85069
6.82046  6.82046
6.88113  6.88113
6.81976  6.81976
6.67592  6.67592
6.62429  6.62429
6.62977  6.62977
6.67036  6.67036
6.68077  6.68077
6.66413  6.66413
7.03858  7.03858
7.12977  7.12977
7.06112  7.06112
6.98118  6.98118
7.19307  7.19307
7.25893  7.25893
7.18526  7.18526
7.1265  7.1265
7.28708  7.28708
7.12455  7.12455
6.99992  6.99992
7.2051  7.2051
7.2639  7.2639
7.3131  7.3131
7.26048  7.26048
7.24748  7.24748
7.26495  7.26495
7.34316  7.34316
6.90929  6.90929
6.8423  6.8423
6.90371  6.90371
6.90197  6.90197
7.04457  7.04457
7.10015  7.10015
7.12379  7.12379
7.07494  7.07494
7.22314  7.22314
7.13846  7.13846
7.0434  7.0434
7.21366  7.21366
7.18508  7.18508
7.23713  7.23713
7.16711  7.16711
7.19885  7.19885
7.12385  7.12385
7.03568  7.03568
7.07455  7.07455
6.98842  6.98842
6.94001  6.94001
6.99463  6.99463
6.94973  6.94973
6.91971  6.91971
6.98049  6.98049
6.91883  6.91883
6.77527  6.77527
6.72356  6.72356
6.72904  6.72904
6.76994  6.76994
6.78042  6.78042
6.76378  6.76378
7.13773  7.13773
7.22906  7.22906
7.16002  7.16002
7.07995  7.07995
7.29186  7.29186
7.35777  7.35777
7.28369  7.28369
7.22487  7.22487
7.38542  7.38542
7.2228  7.2228
7.09816  7.09816
7.30321  7.30321
7.36279  7.36279
7.41181  7.41181
7.35962  7.35962
7.3467  7.3467
7.3642  7.3642
7.44231  7.44231
7.00888  7.00888
6.94182  6.94182
7.00342  7.00342
7.00151  7.00151
7.1441  7.1441
7.19979  7.19979
7.22323  7.22323
7.17423  7.17423
7.32256  7.32256
7.23798  7.23798
7.14289  7.14289
7.31308  7.31308
7.28477  7.28477
7.33689  7.33689
7.26683  7.26683
7.29864  7.29864
7.22348  7.22348
7.13506  7.13506
7.17374  7.17374
7.08784  7.08784
7.03955  7.03955
7.09387  7.09387
7.04881  7.04881
7.01899  7.01899
7.07988  7.07988
7.01793  7.01793
6.87465  6.87465
6.82286  6.82286
6.82834  6.82834
6.86954  6.86954
6.88008  6.88008
6.86343  6.86343
7.2369  7.2369
7.32836  7.32836
7.25896  7.25896
7.17876  7.17876
7.39068  7.39068
7.45663  7.45663
7.38216  7.38216
7.32328  7.32328
7.48381  7.48381
7.3211  7.3211
7.19644  7.19644
7.40137  7.40137
7.46171  7.46171
7.51057  7.51057
7.45879  7.45879
7.44595  7.44595
7.46347  7.46347
7.54149  7.54149
