3.12481
3.19741
3.1265
3.13459
2.99457
2.93485
2.92086
2.98334
2.82469
2.90372
3.00289
2.83983
2.84886
2.79196
2.8769
2.84927
2.93094
3.02224
3.00236
3.07594
3.11455
3.10041
3.15905
3.18603
3.12401
3.21763
3.31354
3.38496
3.35498
3.29604
3.2983
3.28322
2.97416
2.86479
2.9926
3.08831
2.89091
2.80987
2.95825
3.03559
2.88511
3.02645
3.13996
2.9685
2.82888
2.8293
2.79436
2.7778
2.79726
2.75302
3.12129
3.19378
3.11949
3.13444
2.99149
2.92818
2.92325
2.98895
2.82706
2.90721
3.00729
2.84713
2.84746
2.78641
2.87567
2.84484
2.93294
3.01885
3.00285
3.06785
3.10412
3.09072
3.15233
3.17126
3.10607
3.20217
3.29899
3.36786
3.3441
3.28006
3.27782
3.2707
2.96412
2.85434
2.98268
3.07883
2.8808
2.80284
2.94977
3.024
2.87657
3.02354
3.13713
2.96969
2.81276
2.8105
2.776
2.76269
2.77295
2.72593
3.01776
3.08944
3.01485
3.03311
2.88752
2.82284
2.82252
2.88945
2.72585
2.8089
2.90988
2.75106
2.74784
2.68414
2.77806
2.74672
2.8375
2.91333
2.89866
2.9598
2.99562
2.98099
3.0436
3.05938
2.99321
3.08945
3.1877
3.25527
3.23427
3.16931
3.16562
3.16206
2.85385
2.74428
2.87185
2.96804
2.76962
2.69313
2.83906
2.91188
2.76586
2.91537
3.02899
2.8636
2.6991
2.69565
2.6619
2.65016
2.65695
2.60875
3.24685
3.32
3.24224
3.26139
3.11822
3.05242
3.0528
3.12074
2.95732
3.03539
3.13534
2.97729
2.97157
2.90882
2.99768
2.9638
3.05616
3.14692
3.13395
3.19325
3.22726
3.21608
3.27993
3.293
3.22532
3.324
3.42016
3.48744
3.46785
3.39899
3.39312
3.39131
3.08989
2.97957
3.10917
3.20564
3.00761
2.93169
3.07783
3.14988
3.00467
3.15507
3.26857
3.10375
2.93546
2.9314
2.89668
2.88542
2.8888
2.83996
3.23997
3.31199
3.23208
3.25879
3.11138
3.04215
3.05266
3.12344
2.95684
3.03841
3.13954
2.98479
2.97052
2.90278
2.9984
2.96193
3.06071
3.13788
3.12832
3.17843
3.2106
3.19786
3.26424
3.26895
3.19835
3.29798
3.39695
3.46076
3.44853
3.37584
3.3653
3.37293
3.07077
2.96102
3.08862
3.18495
2.98603
2.91401
3.05632
3.1245
2.98247
3.13949
3.25329
3.09233
2.90738
2.89916
2.86769
2.86086
2.85384
2.8012
3.13656
3.20821
3.12873
3.15594
3.00769
2.93837
2.94973
3.02067
2.8537
2.93656
3.03803
2.88354
2.86882
2.80038
2.89787
2.86179
2.96083
3.03358
3.02417
3.07373
3.10603
3.09285
3.1593
3.16387
3.09336
3.19285
3.292
3.35577
3.34359
3.27128
3.26097
3.26866
2.96571
2.856
2.98363
3.08
2.88124
2.80931
2.95202
3.02017
2.87854
3.03549
3.14909
2.98894
2.80253
2.7947
2.76263
2.75573
2.74897
2.6966
3.29018
3.3603
3.28299
3.31082
3.15993
3.09093
3.10318
3.17316
3.006
3.09321
3.19539
3.04034
3.027
2.95736
3.05831
3.02303
3.12191
3.18226
3.17115
3.2209
3.25463
3.23623
3.30163
3.30633
3.23617
3.33238
3.43659
3.49865
3.48865
3.41903
3.40832
3.41889
3.10692
2.99892
3.1209
3.21631
3.01528
2.94457
3.0816
3.14857
3.00532
3.16569
3.2809
3.11776
2.93533
2.9232
2.89906
2.89499
2.88555
2.82997
3.27542
3.34877
3.26481
3.29461
3.14884
3.07749
3.09182
3.16485
2.99742
3.0745
3.17492
3.02247
3.00247
2.93421
3.02714
2.9877
3.08992
3.17849
3.17243
3.21763
3.24701
3.23918
3.3079
3.3076
3.23483
3.33832
3.43368
3.49699
3.48709
3.40887
3.39547
3.40597
3.1139
3.00296
3.13454
3.23149
3.03424
2.96337
3.1079
3.1748
3.03578
3.19342
3.30606
3.14915
2.95305
2.94575
2.90974
2.90304
2.89178
2.83953
3.32906
3.40105
3.32634
3.34343
3.19899
3.13473
3.1325
3.19857
3.03597
3.11744
3.21778
3.05811
3.05669
2.99433
3.08488
3.05296
3.14287
3.22492
3.20916
3.27191
3.30802
3.29245
3.35441
3.37082
3.30462
3.39991
3.49967
3.56677
3.54628
3.48156
3.47729
3.47444
3.1646
3.0556
3.18091
3.27662
3.07695
3.00063
3.14342
3.21594
3.06821
3.21907
3.33381
3.16519
3.00616
3.00011
2.97087
2.96038
2.96555
2.91545
3.27782
3.35406
3.27137
3.2896
3.15255
3.08598
3.08464
3.15411
2.99183
3.05973
3.15755
3.00082
2.99235
2.93269
3.01186
2.97524
3.06811
3.1882
3.17835
3.23679
3.26766
3.2659
3.33162
3.34313
3.27424
3.37857
3.46638
3.53569
3.51393
3.43907
3.43235
3.42753
3.14351
3.03073
3.16867
3.26631
3.07188
2.99475
3.14785
3.22089
3.07828
3.22432
3.33553
3.17465
3.00075
3.00174
2.9566
2.94188
2.9468
2.9018
3.20164
3.27902
3.19303
3.21369
3.07813
3.00988
3.01164
3.08311
2.92012
2.98422
3.08149
2.92686
2.91346
2.85335
2.93061
2.89177
2.98739
3.11667
3.10995
3.16434
3.19283
3.19578
3.26349
3.27117
3.20068
3.30853
3.39245
3.46177
3.44122
3.36186
3.35326
3.34986
3.07534
2.96136
3.10357
3.20185
3.00948
2.93303
3.08925
3.16155
3.02192
3.16743
3.27717
3.12064
2.93683
2.93979
2.88902
2.87365
2.87629
2.83261
3.28238
3.35931
3.27836
3.29097
3.15732
3.09341
3.08459
3.15183
2.99224
3.05738
3.15412
2.99528
2.99318
2.93734
3.01133
2.97674
3.06462
3.19452
3.1822
3.24728
3.27945
3.27883
3.34259
3.36021
3.29357
3.39703
3.48264
3.5544
3.52726
3.45534
3.45207
3.44031
3.15734
3.04436
3.18351
3.28108
3.08769
3.00787
3.1635
3.23923
3.0946
3.23553
3.3463
3.18295
3.02142
3.02544
2.978
2.96009
2.97255
2.9304
3.40838
3.48521
3.39952
3.42118
3.28433
3.21574
3.2187
3.28998
3.12665
3.19238
3.2899
3.13513
3.12161
3.06075
3.13905
3.09983
3.19611
3.32129
3.31403
3.36771
3.39657
3.39697
3.46455
3.47115
3.40019
3.50677
3.59368
3.66167
3.64335
3.56429
3.55447
3.55402
3.27512
3.16194
3.301
3.39887
3.20465
3.12921
3.2817
3.35295
3.21225
3.36094
3.47199
3.31335
3.13023
3.12984
3.08434
3.07125
3.07051
3.02413
3.4085
3.4846
3.39727
3.42431
3.28451
3.21347
3.22358
3.29691
3.1313
3.19938
3.29774
3.14526
3.12564
3.06128
3.14424
3.10311
3.204
3.32003
3.31523
3.3624
3.3899
3.38935
3.45876
3.45938
3.38633
3.49368
3.58244
3.64798
3.63489
3.55297
3.53978
3.54604
3.26692
3.1541
3.29188
3.38966
3.19487
3.12214
3.27203
3.34057
3.20214
3.35542
3.46667
3.31075
3.11589
3.11264
3.06927
3.05926
3.05118
3.0022
3.42505
3.50389
3.41481
3.43604
3.30352
3.23441
3.23651
3.30884
3.14646
3.20513
3.30103
3.14759
3.13187
3.07311
3.14475
3.10361
3.20028
3.34521
3.34025
3.39297
3.41955
3.42648
3.49535
3.50063
3.42885
3.53926
3.62029
3.68954
3.66989
3.58664
3.57614
3.57381
3.30742
3.1927
3.33734
3.4359
3.24441
3.16832
3.32538
3.39716
3.25852
3.40417
3.51351
3.35793
3.17064
3.17368
3.12106
3.10568
3.10581
3.06211
3.5295
3.60526
3.52314
3.5416
3.40367
3.33714
3.33595
3.40486
3.24265
3.31184
3.40975
3.25256
3.24492
3.18503
3.26446
3.22768
3.32054
3.43783
3.427
3.4857
3.51718
3.51277
3.57801
3.58928
3.52022
3.62297
3.7138
3.78201
3.76189
3.68783
3.68027
3.67766
3.38895
3.27705
3.41163
3.50877
3.31249
3.23609
3.38532
3.45758
3.31349
3.46224
3.57481
3.4112
3.24015
3.23785
3.19827
3.18561
3.1879
3.14033
3.6314
3.70665
3.62355
3.64539
3.50548
3.43739
3.44063
3.51069
3.34706
3.41786
3.5163
3.36033
3.3491
3.28705
3.36917
3.33104
3.4268
3.53845
3.52889
3.58362
3.61438
3.60872
3.675
3.68242
3.61194
3.7148
3.80763
3.87399
3.85765
3.7819
3.77191
3.77418
3.48412
3.37265
3.50552
3.60247
3.40523
3.33073
3.47719
3.54752
3.40436
3.55684
3.66999
3.50717
3.32966
3.32454
3.28798
3.27786
3.27471
3.22473
3.11978
3.19218
3.12178
3.12957
2.98933
2.92985
2.91551
2.97771
2.81917
2.89882
2.99806
2.83479
2.84445
2.78756
2.87292
2.84565
2.92695
3.01655
2.99628
3.07035
3.10928
3.09451
3.15286
3.18038
3.11861
3.21173
3.30811
3.37952
3.34935
3.29107
3.29364
3.27831
2.96805
2.85887
2.98612
3.08173
2.88417
2.80305
2.95107
3.02852
2.87773
3.01902
3.13265
2.96076
2.82242
2.82269
2.78835
2.77182
2.7917
2.74739
3.13153
3.20423
3.12953
3.14456
3.00195
2.93851
2.93364
2.9995
2.83763
2.91712
3.01707
2.85703
2.85702
2.7961
2.88475
2.85366
2.94193
3.02975
3.01403
3.0788
3.11483
3.10201
3.1638
3.18245
3.11709
3.21359
3.30996
3.37888
3.35516
3.2906
3.28818
3.28109
2.97562
2.86568
2.99451
3.09074
2.89288
2.81492
2.96218
3.03638
2.88915
3.03602
3.14951
2.98233
2.82474
2.82266
2.78763
2.77422
2.78429
2.73739
3.01677
3.08851
3.01402
3.03189
2.88654
2.82204
2.82119
2.88797
2.72455
2.80739
2.9083
2.74932
2.74654
2.68311
2.77666
2.74545
2.83589
2.91248
2.89764
2.95926
2.99517
2.98066
3.04314
3.05935
2.99333
3.08953
3.18761
3.25536
3.23397
3.16919
3.16575
3.16168
2.85358
2.74398
2.87168
2.96788
2.76954
2.69284
2.839
2.91203
2.76587
2.91499
3.02858
2.86301
2.69938
2.69617
2.6622
2.65022
2.65757
2.6096
3.24533
3.31849
3.24082
3.25978
3.11669
3.05098
3.0511
3.11896
2.95561
3.03365
3.13358
2.97545
2.96998
2.90734
2.99608
2.9623
3.05448
3.1454
3.13232
3.19187
3.22595
3.21476
3.27853
3.29184
3.22425
3.32287
3.419
3.48636
3.46658
3.39786
3.39213
3.39007
3.08858
2.97826
3.10786
3.20433
3.00632
2.9303
3.07651
3.14867
3.00336
3.15359
3.26709
3.10215
2.93435
2.93039
2.89562
2.88425
2.88793
2.83918
3.23275
3.30482
3.22557
3.25093
3.10396
3.0354
3.04414
3.11433
2.94824
3.02971
3.13075
2.97532
2.96276
2.89576
2.99069
2.95486
3.05243
3.13051
3.12018
3.17203
3.2047
3.19179
3.25761
3.26397
3.19398
3.29316
3.39201
3.45638
3.44287
3.3712
3.3616
3.36759
3.06467
2.95492
3.08252
3.17883
2.9799
2.9072
3.04994
3.11881
2.97606
3.13205
3.2459
3.08407
2.90242
2.89477
2.86314
2.85563
2.85053
2.79844
3.14524
3.21673
3.13731
3.16489
3.01628
2.94683
2.9587
3.02969
2.86258
2.94589
3.04746
2.89308
2.87808
2.80934
2.90738
2.87124
2.97054
3.04183
3.03246
3.08162
3.11394
3.10034
3.16683
3.17104
3.10043
3.19974
3.29935
3.36286
3.35114
3.27884
3.26831
3.2766
2.97302
2.86345
2.99061
3.08691
2.88796
2.81629
2.95845
3.02636
2.88476
3.04223
3.15594
2.99577
2.80889
2.8006
2.76919
2.76267
2.75529
2.70253
3.30598
3.37646
3.29864
3.32626
3.17604
3.10698
3.11887
3.18897
3.02194
3.10804
3.21
3.05495
3.0415
2.97225
3.07204
3.03647
3.13534
3.19912
3.18825
3.23809
3.27154
3.2541
3.31966
3.32432
3.25404
3.35082
3.45421
3.51652
3.50624
3.43602
3.42524
3.43543
3.12513
3.01685
3.13968
3.23523
3.03448
2.96358
3.10131
3.16845
3.02532
3.18525
3.30029
3.13734
2.95468
2.94304
2.91792
2.91347
2.90426
2.84904
3.25702
3.3301
3.24653
3.27651
3.13018
3.05885
3.07348
3.14644
2.97887
3.05686
3.15747
3.005
2.98508
2.91648
3.01039
2.97119
3.07343
3.15925
3.15301
3.19813
3.22774
3.21918
3.28779
3.28753
3.21485
3.31792
3.4139
3.47704
3.46734
3.38958
3.37625
3.38702
3.09364
2.98288
3.11387
3.21074
3.01327
2.94253
3.08659
3.15339
3.01428
3.17225
3.285
3.12798
2.93197
2.92434
2.88899
2.88255
2.87116
2.81866
3.33199
3.40413
3.32924
3.34618
3.20206
3.13781
3.13536
3.20146
3.03895
3.11994
3.22018
3.06051
3.05908
2.99692
3.08696
3.05495
3.14481
3.22832
3.21265
3.27548
3.31148
3.29634
3.35835
3.37479
3.30858
3.4041
3.50348
3.57071
3.55004
3.4851
3.48085
3.47775
3.16865
3.05953
3.18523
3.28099
3.08147
3.00505
3.14819
3.2208
3.07314
3.22374
3.33838
3.16986
3.01081
3.00502
2.9753
2.9646
2.96997
2.92007
3.26853
3.34518
3.26229
3.27953
3.14362
3.07741
3.07471
3.14399
2.98225
3.04871
3.14616
2.98925
2.98151
2.92275
3.0002
2.96367
3.05578
3.18022
3.17032
3.22972
3.26049
3.2599
3.32549
3.33786
3.26924
3.37401
3.46055
3.5305
3.50759
3.43263
3.42643
3.4201
3.13807
3.02501
3.16405
3.26181
3.06798
2.99027
3.14459
3.2182
3.07558
3.22025
3.33111
3.17035
2.99779
2.9999
2.95316
2.93751
2.94392
2.89987
3.21108
3.2884
3.20232
3.22332
3.08755
3.01915
3.02134
3.09291
2.92978
2.99407
3.09139
2.93687
2.92313
2.86282
2.94035
2.90138
2.99729
3.12596
3.11935
3.17336
3.20179
3.20458
3.2724
3.27971
3.20908
3.31693
3.40107
3.4702
3.45003
3.37052
3.36168
3.35877
3.08405
2.97012
3.11214
3.2104
3.01791
2.94164
3.09756
3.16968
3.03012
3.17601
3.28584
3.12934
2.94493
2.94759
2.89716
2.88205
2.88415
2.84021
3.27164
3.34865
3.26696
3.28074
3.14678
3.08224
3.07495
3.1428
2.98269
3.04772
3.14455
2.98629
2.98257
2.9261
3.00059
2.96538
3.05439
3.18416
3.17264
3.23618
3.26783
3.2677
3.33203
3.34822
3.28101
3.3851
3.47051
3.54192
3.51574
3.44275
3.43871
3.42818
3.14632
3.0332
3.17277
3.27046
3.07716
2.99782
3.15353
3.22876
3.08482
3.22646
3.33712
3.1747
3.00995
3.01378
2.96591
2.94838
2.95942
2.91701
3.41497
3.49189
3.40632
3.42749
3.29094
3.22258
3.22488
3.29597
3.13286
3.19832
3.29574
3.14077
3.12781
3.0673
3.1451
3.10602
3.20188
3.32805
3.32057
3.37484
3.40381
3.40431
3.47172
3.47884
3.40807
3.51457
3.60132
3.66952
3.65074
3.57192
3.56238
3.56135
3.28251
3.16931
3.30847
3.40633
3.21216
3.13648
3.28916
3.36065
3.21974
3.36803
3.47907
3.32015
3.13814
3.13796
3.09233
3.07898
3.07885
3.03268
3.41
3.48666
3.39855
3.42517
3.28662
3.21557
3.22506
3.29855
3.13328
3.19945
3.29737
3.14507
3.12522
3.06158
3.14261
3.10109
3.20185
3.32344
3.31908
3.36639
3.39339
3.39458
3.46422
3.46486
3.39171
3.50002
3.58717
3.6532
3.63944
3.55661
3.54344
3.54883
3.27288
3.15962
3.29895
3.39693
3.20285
3.12978
3.28104
3.34989
3.21184
3.36408
3.47489
3.31959
3.1243
3.12212
3.07676
3.06596
3.05855
3.01042
3.43096
3.50995
3.42055
3.44187
3.30965
3.24044
3.24262
3.31508
3.15273
3.21085
3.30664
3.15335
3.13732
3.07867
3.14983
3.10848
3.20528
3.3517
3.34697
3.39947
3.42583
3.43327
3.50228
3.50731
3.43542
3.54616
3.62675
3.69605
3.67642
3.59276
3.58211
3.57979
3.31442
3.19959
3.34463
3.44324
3.25195
3.17587
3.33321
3.40497
3.26652
3.41205
3.52126
3.36596
3.17812
3.18135
3.12824
3.11276
3.11276
3.0692
3.53905
3.61515
3.5322
3.55109
3.41368
3.3468
3.34612
3.41544
3.25315
3.32122
3.41893
3.26215
3.25351
3.19368
3.27228
3.23493
3.32832
3.44862
3.43845
3.49636
3.52728
3.52401
3.58969
3.60013
3.53067
3.63426
3.72418
3.79241
3.77256
3.69739
3.68936
3.68706
3.40062
3.28843
3.42397
3.52125
3.32535
3.24908
3.39893
3.47104
3.3275
3.47619
3.58851
3.42566
3.25266
3.25069
3.21001
3.19724
3.19893
3.15158
3.64049
3.71589
3.63204
3.65477
3.51488
3.44628
3.45066
3.52122
3.35728
3.42757
3.52597
3.37052
3.35796
3.29556
3.37761
3.33888
3.43551
3.54822
3.53938
3.59286
3.62309
3.6181
3.68487
3.69107
3.62009
3.72359
3.81602
3.88211
3.86655
3.78972
3.77903
3.78226
3.49372
3.3821
3.51546
3.6125
3.41544
3.34133
3.48791
3.55783
3.41529
3.56826
3.68126
3.51924
3.33913
3.3339
3.29685
3.287
3.28263
3.2325
3.12001
3.19201
3.12256
3.12982
2.98913
2.93011
2.91513
2.97681
2.81849
2.89927
2.99866
2.83501
2.84583
2.78897
2.87508
2.84845
2.92905
3.0155
2.99447
3.06944
3.10898
3.09295
3.15077
3.17924
3.11794
3.21009
3.30741
3.37879
3.34832
3.29128
3.29437
3.27869
2.96607
2.85728
2.98337
3.07876
2.88084
2.7996
2.94682
3.02442
2.87302
3.01431
3.12821
2.95544
2.81955
2.81942
2.7864
2.77001
2.79056
2.74602
3.13804
3.21063
3.13644
3.15086
3.00829
2.94521
2.93955
3.00504
2.84343
2.9232
3.02315
2.86277
2.8637
2.80306
2.89165
2.86093
2.94859
3.03583
3.0196
3.08522
3.12159
3.1083
3.16973
3.18918
3.12416
3.22018
3.31685
3.38591
3.36173
3.29789
3.29589
3.28822
2.98176
2.87197
3.00036
3.09649
2.8985
2.82031
2.96734
3.04178
2.89411
3.0407
3.1543
2.98651
2.83085
2.82873
2.79421
2.78068
2.79148
2.74463
3.02022
3.09182
3.01758
3.03544
2.88985
2.82542
2.82457
2.89125
2.72782
2.8111
2.91209
2.75303
2.75046
2.68692
2.78085
2.74978
2.84014
2.91546
2.90044
2.96216
2.99823
2.98325
3.04561
3.06194
2.996
3.0919
3.19038
3.25804
3.23673
3.17227
3.16888
3.16493
2.85599
2.74652
2.87378
2.9699
2.77139
2.69474
2.84051
2.91349
2.76717
2.9165
3.03021
2.86439
2.7012
2.69772
2.66433
2.65251
2.65982
2.61164
3.26435
3.33785
3.25992
3.27825
3.13599
3.07047
3.06969
3.13744
2.97445
3.05135
3.151
2.99272
2.98768
2.92568
3.01303
2.97917
3.07092
3.16542
3.15232
3.21248
3.24643
3.23607
3.29979
3.31356
3.24606
3.34503
3.44036
3.5081
3.48768
3.41873
3.41321
3.41033
3.11022
2.99969
3.13
3.22655
3.02883
2.95246
3.09934
3.17182
3.02644
3.17594
3.28929
3.12426
2.95735
2.95395
2.91834
2.90645
2.91085
2.86257
3.24196
3.31407
3.23463
3.26021
3.11326
3.04457
3.05359
3.12389
2.95773
3.03906
3.14008
2.98477
2.97188
2.90481
2.99968
2.96367
3.06147
3.13989
3.12973
3.18126
3.21381
3.20103
3.26697
3.273
3.20287
3.3022
3.401
3.46528
3.452
3.38005
3.37025
3.37654
3.07395
2.96418
3.09183
3.18815
2.98924
2.91665
3.05933
3.12808
2.98546
3.14163
3.25547
3.09378
2.91153
2.90378
2.87215
2.86476
2.85926
2.80707
3.13615
3.20778
3.12807
3.15577
3.00735
2.93779
2.94979
3.02093
2.85378
2.93669
3.0382
2.88396
2.86863
2.79992
2.89769
2.86139
2.96086
3.03321
3.02409
3.07302
3.10514
3.09203
3.15868
3.16266
3.09194
3.1916
3.29078
3.35436
3.34262
3.26995
3.25933
3.26758
2.9649
2.85519
2.98283
3.07921
2.88047
2.80878
2.95136
3.01927
2.87791
3.0352
3.14877
2.98896
2.80135
2.79335
2.7613
2.75463
2.74721
2.69466
3.2946
3.36521
3.28754
3.31451
3.16466
3.09589
3.10691
3.1768
3.01001
3.09578
3.19766
3.04233
3.02957
2.96074
3.05998
3.02463
3.12297
3.18799
3.17687
3.2275
3.26108
3.24389
3.30927
3.31466
3.24463
3.34142
3.44445
3.50712
3.49612
3.42619
3.41585
3.42513
3.11504
3.00665
3.12983
3.22543
3.0248
2.95351
3.09178
3.15931
3.01594
3.17521
3.29018
3.127
2.9456
2.93447
2.9088
2.90388
2.89569
2.84091
3.27192
3.34502
3.2617
3.29113
3.14499
3.07393
3.08781
3.16051
2.99315
3.07107
3.17164
3.01885
2.99966
2.93139
3.02491
2.98592
3.08768
3.17406
3.16746
3.21332
3.24314
3.23443
3.3028
3.30318
3.23071
3.33356
3.42961
3.49293
3.4828
3.40545
3.39242
3.40265
3.10881
2.99809
3.12893
3.22577
3.02819
2.95721
3.10125
3.16829
3.0288
3.1865
3.29935
3.14181
2.94729
2.93972
2.9046
2.89798
2.88721
2.83479
3.34837
3.42019
3.34596
3.36267
3.21808
3.15409
3.15138
3.21713
3.0547
3.13664
3.23702
3.07708
3.07638
3.01413
3.10484
3.07322
3.16271
3.24362
3.22739
3.29073
3.32718
3.31093
3.37257
3.38954
3.32359
3.41833
3.51865
3.58573
3.56508
3.50102
3.497
3.49396
3.18282
3.07404
3.19866
3.29423
3.09431
3.01793
3.16015
3.23275
3.08461
3.23551
3.35045
3.18119
3.02377
3.01739
2.98905
2.97867
2.98414
2.93384
3.28331
3.35981
3.27696
3.29462
3.15827
3.0919
3.08977
3.15913
2.99718
3.06416
3.16174
3.00491
2.99685
2.93774
3.01579
2.97917
3.07161
3.19451
3.18464
3.24362
3.27441
3.27334
3.339
3.35097
3.2822
3.3868
3.47389
3.54355
3.52117
3.44619
3.43972
3.43409
3.15127
3.03833
3.17688
3.27458
3.08047
3.00302
3.15676
3.2301
3.08746
3.23278
3.34381
3.18294
3.00984
3.01139
2.96543
2.95022
2.95589
2.91137
3.2095
3.28664
3.20093
3.22186
3.08573
3.01743
3.01957
3.091
2.92782
2.99275
3.0902
2.93552
2.92212
2.86167
2.93975
2.90101
2.99678
3.12371
3.11683
3.17106
3.19974
3.20192
3.26957
3.27713
3.20662
3.31409
3.39876
3.46781
3.44766
3.36861
3.35991
3.35704
3.08113
2.96734
3.10885
3.20705
3.01431
2.93804
3.09358
3.1657
3.0259
3.17199
3.28197
3.12514
2.94135
2.94374
2.89396
2.879
2.88117
2.83702
3.26279
3.33973
3.25813
3.27199
3.13786
3.07329
3.06614
3.13401
2.97382
3.0391
3.136
2.97775
2.97398
2.91739
2.99218
2.95702
3.04609
3.1751
3.16356
3.22703
3.25873
3.25843
3.32276
3.33892
3.27172
3.37573
3.46128
3.53264
3.50653
3.43363
3.42959
3.41914
3.13699
3.0239
3.16337
3.26105
3.06771
2.98841
3.14404
3.21925
3.07531
3.21704
3.32771
3.16532
3.00044
3.00423
2.95646
2.93898
2.94997
2.90752
3.43212
3.50889
3.42335
3.44493
3.30798
3.23946
3.24229
3.31346
3.15016
3.2161
3.31364
3.15876
3.14549
3.08465
3.163
3.12385
3.22002
3.34474
3.33729
3.39115
3.42014
3.42018
3.48765
3.49437
3.42346
3.5298
3.61707
3.68498
3.66673
3.58788
3.57807
3.57773
3.29815
3.18507
3.32374
3.42155
3.22712
3.15169
3.30378
3.37501
3.23409
3.38299
3.4942
3.33518
3.15266
3.15195
3.10707
3.09415
3.09331
3.04669
3.40367
3.48032
3.39196
3.41908
3.28037
3.20908
3.21923
3.29295
3.12749
3.19368
3.29164
3.13961
3.11911
3.05518
3.1365
3.09476
3.19596
3.31721
3.31317
3.35983
3.38662
3.38795
3.45781
3.45785
3.38449
3.49301
3.58011
3.64596
3.63263
3.5494
3.53592
3.54184
3.2663
3.15302
3.29244
3.39045
3.19643
3.12358
3.27481
3.34343
3.20569
3.35822
3.46896
3.31407
3.1175
3.11522
3.06974
3.05912
3.0511
3.00286
3.42944
3.5085
3.41872
3.4405
3.30831
3.23884
3.24161
3.31433
3.15184
3.20969
3.30544
3.15246
3.13571
3.07688
3.14802
3.10636
3.20361
3.35055
3.34622
3.39806
3.42414
3.43195
3.50122
3.50563
3.43349
3.54457
3.62491
3.69408
3.67482
3.59061
3.57961
3.57776
3.31324
3.19834
3.34367
3.44232
3.25117
3.17529
3.33275
3.4043
3.26621
3.41193
3.52103
3.36621
3.177
3.18022
3.12677
3.1114
3.11082
3.06723
3.56013
3.63627
3.55305
3.57229
3.43486
3.36777
3.36754
3.43702
3.27462
3.34253
3.44021
3.28361
3.27449
3.21453
3.29307
3.25546
3.34919
3.46989
3.45995
3.51739
3.54812
3.545
3.61085
3.62079
3.55113
3.65489
3.74481
3.81287
3.79341
3.71785
3.70949
3.70769
3.42162
3.30941
3.44497
3.54226
3.34633
3.27024
3.41994
3.49185
3.34846
3.49749
3.60983
3.44713
3.27328
3.27108
3.23052
3.21796
3.21903
3.17147
3.66043
3.7359
3.65197
3.67458
3.53488
3.46631
3.4705
3.54103
3.37718
3.4472
3.54551
3.39004
3.37756
3.31532
3.39699
3.35821
3.45476
3.56837
3.55951
3.61311
3.64331
3.63846
3.70522
3.71147
3.64049
3.74405
3.83637
3.9025
3.88688
3.80997
3.79927
3.80242
3.51412
3.40247
3.5359
3.63294
3.43589
3.36174
3.50833
3.57829
3.43568
3.5886
3.70161
3.53949
3.35963
3.35441
3.31735
3.30746
3.30313
3.253
